2 1
3 2
4 2
5 1
4 6
7 3
7 8
9 8
8 10
4 11
12 5
2 13
11 14
15 8
14 16
17 16
18 3
17 19
13 20
21 16
18 22
23 21
24 11
13 25
26 3
24 27
28 1
29 1
6 30
31 9
13 32
33 4
5 34
17 35
1 36
37 22
38 3
39 3
29 40
36 41
13 42
4 43
44 3
45 40
46 38
42 47
5 48
13 49
50 16
25 51
52 15
20 53
54 10
55 21
56 21
57 15
58 17
24 59
60 53
60 61
62 53
61 63
64 16
65 46
66 3
14 67
68 21
69 1
70 63
56 71
27 72
73 63
47 74
75 35
76 1
77 18
37 78
64 79
80 57
71 81
46 82
83 4
46 84
24 85
18 86
87 29
88 6
89 68
90 33
91 42
34 92
24 93
33 94
79 95
71 96
22 97
42 98
99 25
100 36
101 29
89 102
103 6
60 104
105 36
5 106
6 107
108 13
109 31
38 110
11 111
27 112
110 113
90 114
115 26
104 116
117 104
39 118
119 19
120 81
68 121
122 117
123 80
124 77
125 110
29 126
127 73
128 6
129 90
24 130
70 131
132 77
133 73
88 134
135 21
101 136
137 38
138 101
139 109
103 140
141 31
142 66
143 120
144 62
145 8
146 26
11 147
148 11
23 149
120 150
151 72
152 70
65 153
131 154
155 71
156 82
22 157
148 158
130 159
81 160
161 15
84 162
163 150
164 53
165 73
166 10
167 83
168 99
169 13
146 170
41 171
172 136
69 173
174 115
158 175
176 57
159 177
178 125
14 179
113 180
181 26
4 182
67 183
74 184
185 84
177 186
154 187
45 188
102 189
190 150
90 191
192 157
17 193
194 90
73 195
126 196
197 129
34 198
199 108
46 200
36 201
136 202
203 34
204 37
205 120
206 64
31 207
208 193
209 12
185 210
198 211
183 212
213 162
205 214
105 215
201 216
217 128
218 19
92 219
20 220
221 63
96 222
223 64
18 224
225 66
31 226
227 168
228 30
86 229
230 209
93 231
232 58
17 233
234 231
162 235
236 39
15 237
238 134
76 239
240 217
226 241
242 22
235 243
244 241
32 245
246 225
247 207
120 248
96 249
250 225
138 17
108 113
142 160
172 11
43 195
19 21
31 105
74 135
73 162
192 220
86 34
188 209
222 45
118 133
120 95
218 49
13 125
170 129
210 71
128 242
189 91
138 140
114 37
160 244
23 65
144 68
61 126
229 190
188 3
73 72
105 30
78 34
16 142
161 103
199 246
145 1
136 112
121 223
172 35
227 108
9 33
204 197
112 69
214 12
101 222
207 240
191 195
17 10
76 243
183 186
104 157
89 142
2 175
32 53
20 1
229 63
45 42
183 129
186 188
14 121
15 27
88 7
143 222
55 139
102 151
16 144
47 240
63 155
188 74
132 234
177 109
164 15
246 110
68 90
213 184
175 234
232 203
130 43
46 154
176 57
137 68
8 206
248 154
123 172
72 87
241 131
177 114
1 46
175 228
189 125
43 191
247 240
187 95
127 42
210 141
47 42
238 100
179 130
208 183
192 138
221 172
171 81
120 227
228 83
98 102
204 91
210 25
141 157
211 244
170 15
202 131
3 34
55 137
9 93
41 125
105 169
108 228
72 119
90 245
146 83
152 82
92 201
150 175
204 122
55 48
148 146
230 22
37 200
105 229
110 74
138 237
38 138
195 84
66 55
60 85
165 65
187 208
7 217
155 166
122 118
11 101
78 30
250 140
221 191
162 12
156 183
96 190
229 10
194 248
250 128
98 198
11 74
100 234
204 102
155 68
247 105
181 117
101 131
93 52
145 94
21 228
225 89
195 154
40 235
21 53
123 182
37 144
206 176
189 8
116 186
55 136
226 180
215 170
126 195
32 29
187 201
20 67
182 132
7 70
13 179
86 195
57 239
50 56
18 132
117 104
193 28
132 189
44 103
194 80
30 34
40 209
125 56
152 78
30 221
47 182
81 110
239 105
108 135
182 228
42 141
221 157
56 71
13 131
37 176
235 211
102 170
42 187
41 77
241 185
23 246
56 81
157 173
35 51
55 211
116 7
109 86
96 147
95 16
150 70
54 250
143 140
57 124
250 112
15 96
44 63
183 157
132 36
178 239
113 114
199 35
38 174
38 103
38 181
152 218
152 144
218 110
157 20
38 72
44 45
61 67
147 95
149 86
234 116
172 16
193 120
64 250
168 212
132 28
107 80
210 101
1 8
58 242
92 220
219 53
25 81
247 74
230 95
131 153
18 189
232 41
4 226
105 103
61 161
51 79
46 79
53 135
143 214
127 135
238 64
187 38
103 111
95 203
94 151
70 9
108 95
103 120
163 208
6 196
181 24
4 120
1 92
207 24
204 92
68 71
209 147
34 244
137 138
116 246
137 247
53 24
130 246
18 233
205 72
30 170
240 29
131 210
98 10
75 197
116 5
39 107
11 141
122 194
210 60
31 243
35 1
29 83
124 16
53 250
30 205
178 8
52 71
18 146
16 117
206 48
222 229
214 189
99 121
31 8
240 246
196 55
173 146
112 191
241 90
247 39
125 110
91 65
162 145
165 86
30 110
38 62
117 16
56 145
7 198
202 41
103 109
45 77
189 167
71 72
202 94
124 175
94 14
87 241
190 32
84 230
97 61
240 245
111 36
210 118
120 123
233 138
9 22
191 46
165 3
184 51
198 57
245 117
43 11
223 110
232 109
8 226
86 63
81 246
89 196
120 61
167 196
42 45
228 124
244 195
176 144
171 90
132 209
85 206
73 81
208 23
164 121
139 4
204 129
138 183
229 192
72 41
177 216
112 74
8 33
139 87
140 229
77 53
171 90
23 11
24 227
132 242
201 87
154 47
62 209
101 162
113 89
9 5
238 205
14 129
4 200
161 64
137 227
101 36
71 52
100 203
208 80
178 163
247 68
134 227
226 34
105 6
114 18
110 160
199 143
174 86
20 224
49 207
214 17
140 185
144 208
4 54
175 45
91 20
237 132
65 81
57 9
70 39
176 217
80 104
4 38
99 177
129 157
10 124
192 221
175 209
224 161
217 29
220 3
150 241
39 53
226 24
214 68
33 73
64 222
209 215
151 200
162 146
209 100
181 31
109 129
247 82
28 224
7 146
161 209
154 220
151 198
220 78
222 52
174 136
16 142
205 91
3 159
39 237
229 110
119 173
145 89
60 46
194 52
67 136
53 216
58 241
147 21
11 128
176 29
119 185
232 9
216 64
221 97
141 138
108 187
242 234
207 205
232 164
31 171
152 164
107 215
45 95
40 179
35 9
11 41
163 231
151 6
115 47
213 222
226 205
147 209
16 138
103 26
65 150
6 230
45 237
141 34
28 92
8 171
11 152
109 30
175 123
49 156
45 33
106 76
186 59
127 65
192 18
142 3
163 234
76 230
27 210
78 147
182 247
124 26
53 208
173 176
212 73
53 193
177 183
174 141
125 22
147 43
52 25
162 245
96 15
216 114
79 215
250 148
212 165
183 119
234 139
48 55
153 28
220 29
159 187
99 23
49 189
168 77
232 80
5 239
104 232
141 172
214 150
58 196
245 70
167 199
205 46
207 83
100 164
128 44
223 89
69 152
141 170
35 175
46 221
38 50
86 59
236 36
167 31
109 59
94 111
182 233
239 127
99 193
186 215
161 187
86 33
167 169
10 244
248 44
94 188
163 208
26 152
130 138
61 146
53 93
236 230
221 72
186 49
90 121
17 156
71 93
212 110
72 11
152 21
190 107
3 76
15 50
29 243
107 21
29 102
200 152
242 40
143 26
250 6
220 31
47 10
114 192
49 214
87 123
222 244
83 34
84 124
163 177
174 104
7 245
204 224
126 97
137 229
128 134
59 8
46 20
38 125
61 6
8 202
171 111
8 92
73 56
143 166
87 226
152 62
228 145
137 125
82 242
163 58
49 160
248 217
186 247
181 121
44 56
111 229
22 86
241 11
89 18
76 13
180 241
158 120
128 109
153 149
89 27
222 175
72 83
29 39
66 208
247 84
107 216
17 167
223 151
135 168
15 154
224 99
21 245
45 166
127 15
60 201
172 105
60 226
115 72
84 121
113 133
131 56
157 3
169 148
196 143
31 58
15 46
88 204
249 204
150 180
141 110
174 67
44 203
54 216
68 72
214 133
76 250
40 66
147 9
125 121
30 250
215 54
170 150
155 9
242 73
86 125
1 226
158 57
6 32
84 52
182 143
203 240
32 249
205 3
201 232
198 96
213 93
87 17
161 124
21 240
149 184
141 86
225 79
248 80
183 208
106 44
229 106
62 167
118 33
54 162
125 120
190 102
55 180
125 243
2 41
42 241
207 48
95 62
239 224
24 192
40 31
118 117
139 238
94 2
237 50
207 77
69 48
158 35
39 132
77 58
105 185
218 219
221 84
222 208
197 174
27 170
115 39
144 152
147 48
199 33
30 217
43 38
57 5
7 54
217 129
174 249
191 38
218 124
236 129
230 212
140 245
22 32
34 1
70 105
142 92
87 49
190 48
159 72
167 162
96 182
224 159
132 108
239 118
209 241
181 1
81 177
231 102
158 248
213 238
223 199
240 153
189 154
244 216
61 89
89 239
126 10
5 3
202 38
66 79
68 238
180 32
30 71
155 157
242 226
39 52
20 218
51 186
64 211
212 98
167 44
130 30
189 207
73 34
58 191
202 198
194 99
246 214
168 237
225 87
123 25
235 142
67 42
12 104
237 124
39 229
37 185
62 83
39 105
242 17
94 238
121 249
54 69
66 130
243 156
70 194
27 222
47 52
236 111
44 93
232 203
21 229
52 174
154 144
196 138
107 186
187 221
147 213
32 26
59 191
6 24
4 116
35 82
123 59
140 17
92 237
148 15
113 73
1 27
108 71
181 221
200 25
58 145
89 17
239 84
7 250
200 130
142 156
37 176
63 228
121 95
34 137
134 234
177 131
222 134
183 222
84 113
37 201
235 120
171 185
236 49
83 175
134 70
137 61
150 116
230 241
146 191
156 210
198 71
50 61
137 2
181 139
8 187
243 54
42 14
152 114
78 116
164 22
184 155
63 2
117 208
63 242
181 47
127 25
18 127
14 186
139 198
202 86
186 90
123 199
28 1
186 54
71 119
151 149
218 179
75 216
42 234
238 187
232 139
224 117
20 105
122 210
8 73
150 48
78 77
173 24
34 30
59 81
24 244
76 205
203 66
173 50
41 103
179 134
51 222
39 177
32 19
32 228
2 3
131 166
1 129
132 67
75 45
112 76
137 35
166 179
217 191
243 101
4 128
200 171
132 148
191 187
18 127
62 128
52 230
248 104
24 139
177 105
88 51
15 60
48 67
166 20
127 223
86 171
111 68
90 198
149 199
166 86
124 172
56 62
57 123
27 210
59 221
82 30
240 80
227 193
4 94
113 230
44 74
50 218
38 171
215 89
91 51
35 44
39 33
151 101
29 236
68 89
38 178
231 185
213 225
179 226
11 212
50 142
240 232
204 103
158 240
86 67
196 143
149 116
163 117
51 170
166 206
155 77
23 244
166 99
115 65
57 30
112 27
76 203
110 57
166 48
7 88
231 234
95 11
40 117
64 17
95 43
104 193
113 76
193 134
103 200
37 154
35 9
111 136
96 113
193 93
167 184
48 166
7 214
209 187
115 69
102 237
79 73
116 29
202 89
32 74
21 97
140 20
111 128
65 118
